0.000000 -0.000000 
0.010089 -0.017030 
0.020179 -0.023582 
0.030268 -0.028376 
0.040357 -0.032242 
0.050447 -0.035500 
0.060536 -0.038316 
0.070625 -0.040790 
0.080714 -0.042986 
0.090804 -0.044948 
0.100893 -0.046711 
0.110982 -0.048298 
0.121072 -0.049731 
0.131161 -0.051025 
0.141250 -0.052193 
0.151340 -0.053246 
0.161429 -0.054193 
0.171518 -0.055043 
0.181607 -0.055801 
0.191697 -0.056474 
0.201786 -0.057068 
0.211875 -0.057587 
0.221965 -0.058035 
0.232054 -0.058417 
0.242143 -0.058735 
0.252233 -0.058993 
0.262322 -0.059194 
0.272411 -0.059341 
0.282501 -0.059436 
0.292590 -0.059481 
0.302679 -0.059479 
0.312768 -0.059432 
0.322858 -0.059341 
0.332947 -0.059208 
0.343036 -0.059036 
0.353126 -0.058825 
0.363215 -0.058577 
0.373304 -0.058294 
0.383394 -0.057976 
0.393483 -0.057626 
0.403572 -0.057244 
0.413661 -0.056831 
0.423751 -0.056389 
0.433840 -0.055918 
0.443929 -0.055420 
0.454019 -0.054895 
0.464108 -0.054345 
0.474197 -0.053769 
0.484287 -0.053170 
0.494376 -0.052547 
0.504465 -0.051902 
0.514555 -0.051235 
0.524644 -0.050546 
0.534733 -0.049838 
0.544822 -0.049109 
0.554912 -0.048360 
0.565001 -0.047593 
0.575090 -0.046807 
0.585180 -0.046003 
0.595269 -0.045182 
0.605358 -0.044344 
0.615448 -0.043489 
0.625537 -0.042617 
0.635626 -0.041730 
0.645715 -0.040827 
0.655805 -0.039908 
0.665894 -0.038975 
0.675983 -0.038026 
0.686073 -0.037063 
0.696162 -0.036085 
0.706251 -0.035093 
0.716341 -0.034087 
0.726430 -0.033067 
0.736519 -0.032032 
0.746609 -0.030985 
0.756698 -0.029923 
0.766787 -0.028848 
0.776876 -0.027759 
0.786966 -0.026656 
0.797055 -0.025540 
0.807144 -0.024410 
0.817234 -0.023266 
0.827323 -0.022109 
0.837412 -0.020937 
0.847502 -0.019752 
0.857591 -0.018552 
0.867680 -0.017339 
0.877769 -0.016110 
0.887859 -0.014868 
0.897948 -0.013610 
0.908037 -0.012337 
0.918127 -0.011050 
0.928216 -0.009746 
0.938305 -0.008427 
0.948395 -0.007092 
0.958484 -0.005741 
0.968573 -0.004372 
0.978662 -0.002987 
0.988752 -0.001585 
0.998841 -0.000164 
0.998841 0.000164 
0.988752 0.001585 
0.978662 0.002987 
0.968573 0.004372 
0.958484 0.005741 
0.948395 0.007092 
0.938305 0.008427 
0.928216 0.009746 
0.918127 0.011050 
0.908037 0.012337 
0.897948 0.013610 
0.887859 0.014868 
0.877769 0.016110 
0.867680 0.017339 
0.857591 0.018552 
0.847502 0.019752 
0.837412 0.020937 
0.827323 0.022109 
0.817234 0.023266 
0.807144 0.024410 
0.797055 0.025540 
0.786966 0.026656 
0.776876 0.027759 
0.766787 0.028848 
0.756698 0.029923 
0.746609 0.030985 
0.736519 0.032032 
0.726430 0.033067 
0.716341 0.034087 
0.706251 0.035093 
0.696162 0.036085 
0.686073 0.037063 
0.675983 0.038026 
0.665894 0.038975 
0.655805 0.039908 
0.645715 0.040827 
0.635626 0.041730 
0.625537 0.042617 
0.615448 0.043489 
0.605358 0.044344 
0.595269 0.045182 
0.585180 0.046003 
0.575090 0.046807 
0.565001 0.047593 
0.554912 0.048360 
0.544822 0.049109 
0.534733 0.049838 
0.524644 0.050546 
0.514555 0.051235 
0.504465 0.051902 
0.494376 0.052547 
0.484287 0.053170 
0.474197 0.053769 
0.464108 0.054345 
0.454019 0.054895 
0.443929 0.055420 
0.433840 0.055918 
0.423751 0.056389 
0.413661 0.056831 
0.403572 0.057244 
0.393483 0.057626 
0.383394 0.057976 
0.373304 0.058294 
0.363215 0.058577 
0.353126 0.058825 
0.343036 0.059036 
0.332947 0.059208 
0.322858 0.059341 
0.312768 0.059432 
0.302679 0.059479 
0.292590 0.059481 
0.282501 0.059436 
0.272411 0.059341 
0.262322 0.059194 
0.252233 0.058993 
0.242143 0.058735 
0.232054 0.058417 
0.221965 0.058035 
0.211875 0.057587 
0.201786 0.057068 
0.191697 0.056474 
0.181607 0.055801 
0.171518 0.055043 
0.161429 0.054193 
0.151340 0.053246 
0.141250 0.052193 
0.131161 0.051025 
0.121072 0.049731 
0.110982 0.048298 
0.100893 0.046711 
0.090804 0.044948 
0.080714 0.042986 
0.070625 0.040790 
0.060536 0.038316 
0.050447 0.035500 
0.040357 0.032242 
0.030268 0.028376 
0.020179 0.023582 
0.010089 0.017030 
0.000000 0.000000 
