7.537600  1.397900  -0.159320  0.987227
7.395700  1.375000  -0.154557  0.987984
7.262100  1.354100  -0.000599  1.000000
7.095200  1.354000  0.048431  0.998827
6.919900  1.362500  0.161775  0.986828
6.761300  1.388500  0.357440  0.933936
6.602700  1.449200  0.606884  0.794790
6.477500  1.544800  0.824358  0.566068
6.394000  1.666400  0.984107  0.177578
6.368900  1.805500  0.980191  -0.198054
6.402300  1.970800  0.793166  -0.609006
6.502500  2.101300  0.640787  -0.767718
6.627700  2.205800  0.298861  -0.954297
6.794700  2.258100  0.238830  -0.971061
6.936600  2.293000  -0.044251  -0.999020
7.128500  2.284500  -0.093760  -0.995595
7.312200  2.267200  -0.478396  -0.878144
7.487500  2.171700  -0.801228  -0.598359
7.604300  2.015300  -0.990225  -0.139476
7.629400  1.837100  -0.978847  0.204595
