0 0.000106456 1.226 101325
0.0003 0.000107009 1.2188 100493
0.0006 0.000108684 1.19763 98057.6
0.0009 0.000111467 1.16408 94233.6
0.0012 0.000117068 1.12105 89393.9
0.0015 0.000121901 1.07089 83845
0.0018 0.000127724 1.01619 77911.3
0.0021 0.000136156 0.959862 71941.6
0.0024 0.000145455 0.903407 66098.1
0.0027 0.000153579 0.849371 60630
0.003 0.000164142 0.797866 55550.1
0.0033 0.000173403 0.749997 50940.5
0.0036 0.000184792 0.70595 46803.9
0.0039 0.000196453 0.665805 43122.1
0.0042 0.000208271 0.629393 39861.5
0.0045 0.000218221 0.596993 37018.2
0.0048 0.000229861 0.568053 34531.9
0.0051 0.000241275 0.54242 32371.3
0.0054 0.000250495 0.519936 30508
0.0057 0.000261004 0.500297 28907.4
0.006 0.000270967 0.483212 27536.6
0.0063 0.000278349 0.4687 26385.5
0.0066 0.000286807 0.456374 25420.6
0.0069 0.000292509 0.446285 24637.2
0.0072 0.000297306 0.438193 24013.9
0.0075 0.000302893 0.432001 23540.9
0.0078 0.000305569 0.427695 23212.9
0.0081 0.000307176 0.425177 23021.8
0.0084 0.000307663 0.424423 22964.5
0.0087 0.00030703 0.425422 23040.3
0.009 0.000305282 0.428187 23250.3
0.0093 0.000302468 0.432746 23597.8
0.0096 0.000296738 0.43919 24090.8
0.0099 0.000291821 0.447554 24735.8
0.0102 0.000284192 0.457941 25542.9
0.0105 0.000277431 0.470514 26530.4
0.0108 0.000268142 0.485366 27709.9
0.0111 0.000259909 0.502723 29107.5
0.0114 0.000249315 0.52274 30742.7
0.0117 0.000240066 0.545615 32643.1
0.012 0.000228602 0.571661 34845.1
0.0123 0.000216928 0.601029 37376.5
0.0126 0.000205165 0.633937 40272.4
0.0129 0.000195174 0.670647 43575.7
0.0132 0.00018353 0.711277 47315.6
0.0135 0.000172178 0.755778 51511
0.0138 0.000162989 0.80406 56177.7
0.0141 0.000152486 0.85585 61307.2
0.0144 0.000142638 0.910181 66823.5
0.0147 0.000135247 0.96632 72665.6
0.015 0.000126916 1.02222 78616.8
0.0153 0.000121219 1.07634 84506.2
0.0156 0.000116519 1.12555 89966.3
0.0159 0.000111046 1.16737 94677.8
0.0162 0.000108404 1.19926 98319.2
0.0165 0.000106874 1.21852 100538
0.0168 0.000106467 1.22369 101135
0.0171 0.000107188 1.21436 100057
0.0174 0.000109032 1.19126 97401.7
0.0177 0.000111977 1.15611 93402.2
0.018 0.000117725 1.11199 88452.9
0.0183 0.000122709 1.06108 82835.2
0.0186 0.000130462 1.00584 76871.6
0.0189 0.000137223 0.949791 70940.9
0.0192 0.00014662 0.893679 65153.5
0.0195 0.000154859 0.840052 59745.3
0.0198 0.000165492 0.789168 54745
0.0201 0.000176636 0.741818 50204.5
0.0204 0.000186259 0.698541 46151.4
0.0207 0.000197939 0.659077 42544.2
0.021 0.000209749 0.623318 39352.4
0.0213 0.000219715 0.591489 36567.3
0.0216 0.000231315 0.563124 34137.4
0.0219 0.000242666 0.538022 32027.1
0.0222 0.000251839 0.516001 30206.4
0.0225 0.000262258 0.496814 28646.1
0.0228 0.00027211 0.480145 27311.4
0.0231 0.000279393 0.466 26191.2
0.0234 0.000287712 0.454029 25255.6
0.0237 0.000293286 0.444262 24497.9
0.024 0.00029794 0.436474 23898.6
0.0243 0.00030336 0.430575 23448.5
0.0246 0.000305878 0.426545 23141.7
0.0249 0.00030732 0.424297 22971
0.0252 0.00030764 0.423805 22933.7
0.0255 0.000306839 0.425065 23029.3
0.0258 0.000304929 0.428091 23259.2
0.0261 0.000300147 0.432924 23627.1
0.0264 0.000296065 0.439637 24141.8
0.0267 0.000291004 0.448281 24809.3
0.027 0.000283233 0.458974 25641.2
0.0273 0.000276357 0.471855 26654.8
0.0276 0.000266949 0.487051 27863.9
0.0279 0.000258629 0.504754 29292.7
0.0282 0.00024795 0.525167 30964.1
0.0285 0.000236841 0.548466 32903.9
0.0288 0.000227138 0.574934 35149.2
0.0291 0.000215436 0.604788 37730.4
0.0294 0.000203663 0.638212 40681.1
0.0297 0.000193707 0.675398 44039.4
0.03 0.000182082 0.716571 47842.8
0.0303 0.000170766 0.761608 52104.1
0.0306 0.000161672 0.810295 56828.4
0.0309 0.000151237 0.862501 62018.3
0.0312 0.000141482 0.917117 67583.7
0.0315 0.000134216 0.973221 73444.4
0.0318 0.000126005 1.02894 79395.3
0.0321 0.000120452 1.0824 85232.5
0.0324 0.000115908 1.13057 90591.8
0.0327 0.000110583 1.17106 95161.9
0.033 0.000108105 1.20114 98602.7
0.0333 0.000106741 1.21834 100585
0.0336 0.000106503 1.22133 100932
0.0339 0.000107393 1.20989 99609.7
0.0342 0.000109406 1.1849 96740.3
0.0345 0.000114308 1.14797 92559.8
0.0348 0.000118408 1.10279 87498.1
0.0351 0.000123541 1.05119 81819.5
0.0354 0.000131413 0.995776 75855.7
0.0357 0.00013831 0.939737 69945.4
0.036 0.000147799 0.884002 64217.2
0.0363 0.000156154 0.830805 58871
0.0366 0.000166853 0.780553 53950.8
0.0369 0.000178043 0.733883 49491.4
0.0372 0.000187737 0.691223 45509.5
0.0375 0.000199427 0.652437 41976.2
0.0378 0.000211228 0.617326 38852.3
0.0381 0.000221204 0.586063 36124.6
0.0384 0.000232765 0.558268 33750.2
0.0387 0.00024406 0.533691 31689.5
0.039 0.000253176 0.512128 29910.7
0.0393 0.000263502 0.493251 28382.1
0.0396 0.000273237 0.476997 27083.1
0.0399 0.000280423 0.463221 25993.8
0.0402 0.000288597 0.451604 25087.4
0.0405 0.000294042 0.442158 24355.4
0.0408 0.000298549 0.434674 23779.8
0.0411 0.000303804 0.429066 23352.5
0.0414 0.000306164 0.425313 23066.8
0.0417 0.000307439 0.423332 22916.4
0.042 0.000307591 0.423102 22899
0.0423 0.000306622 0.424622 23014.3
0.0426 0.000304551 0.427907 23264.2
0.0429 0.000299602 0.433013 23652.9
0.0432 0.000295367 0.439995 24188.9
0.0435 0.000290167 0.448917 24878.9
0.0438 0.000282256 0.459915 25735.7
0.0441 0.000275266 0.473101 26775.2
0.0444 0.00026574 0.48864 28013.9
0.0447 0.000257346 0.506685 29473.8
0.045 0.00024658 0.527491 31181.5
0.0453 0.000235405 0.551213 33161.6
0.0456 0.000225683 0.578094 35449.1
0.0459 0.000213946 0.60843 38079.8
0.0462 0.000202157 0.64236 41085.1
0.0465 0.000190439 0.680049 44498.3
0.0468 0.000180639 0.721714 48363.7
0.0471 0.000169369 0.767268 52689.7
0.0474 0.000158548 0.816415 57473.3
0.0477 0.000150007 0.868918 62716.6
0.048 0.000140343 0.92377 68326.3
0.0483 0.000133201 0.979784 74199.5
0.0486 0.000125116 1.03526 80143.3
0.0489 0.000119708 1.08799 85919.6
0.0492 0.00011532 1.13504 91169
0.0495 0.000110142 1.17414 95588.9
0.0498 0.000107831 1.20236 98822.2
0.0501 0.000106634 1.21746 100565
0.0504 0.000106565 1.21828 100660
0.0507 0.000107623 1.20476 99098.6
